d/s=0.500001	
2.1555	1.276
2.1555	1.314
2.1555	1.353
2.1555	1.394
2.1555	1.436
2.1555	1.479
2.1555	1.523
2.1555	1.569
2.1555	1.616
2.1555	1.664
2.1555	1.714
2.1555	1.766
2.1555	1.819
2.1555	1.873
2.1555	1.929
2.1555	1.987
2.1555	2.047
2.1555	2.108
2.1555	2.119
2.1555	2.129
2.1555	2.140
2.1555	2.151
2.1555	2.161
2.1555	2.172
2.1555	2.183
2.1555	2.194
2.1555	2.205
2.1555	2.216
2.1555	2.227
2.1555	2.238
2.1555	2.249
2.1555	2.261
2.1555	2.272
2.1555	2.283
2.1555	2.295
2.1555	2.306
2.1555	2.318
2.1555	2.329
2.1555	2.341
2.1555	2.353
2.1555	2.364
2.1555	2.376
2.1555	2.388
2.1555	2.400
2.1555	2.412
2.1555	2.424
2.1555	2.436
2.1555	2.448
2.1555	2.461
2.1555	2.473
2.1555	2.485
2.1555	2.498
2.1555	2.510
2.1555	2.523
2.1555	2.535
2.1555	2.548
1.7610	2.561
1.7610	2.612
1.7610	2.664
1.7610	2.718
1.7610	2.772
1.7610	2.827
1.7610	2.884
1.7610	2.942
1.7610	3.000
1.7610	3.060
1.7610	3.122
1.7610	3.184
1.7610	3.248
1.7610	3.313
1.7610	3.379
1.6281	3.413
1.4691	3.430
1.4691	3.447
1.4691	3.464
1.4691	3.482
1.4691	3.499
1.4691	3.516
1.4691	3.534
1.4691	3.552
1.4691	3.570
1.4691	3.587
1.4691	3.605
1.4691	3.623
1.4691	3.641
1.4691	3.660
1.4691	3.678
1.4691	3.696
1.4691	3.715
1.4691	3.733
1.4691	3.752
1.4691	3.771
1.4691	3.790
1.4691	3.809
1.4691	3.828
1.4691	3.847
1.4691	3.866
1.4691	3.885
1.4691	3.905
1.4691	3.924
1.4691	3.944
1.4691	3.964
1.4691	3.983


d/s=0.51	
2.1362	0.944
2.1362	0.982
2.1362	1.021
2.1362	1.062
2.1362	1.104
2.1362	1.148
2.1362	1.194
2.1362	1.242
2.1362	1.292
2.1362	1.343
2.1362	1.397
2.1362	1.453
2.1362	1.511
2.1362	1.572
2.1362	1.635
2.1362	1.700
2.1362	1.768
2.1362	1.839
2.1362	1.912
2.1362	1.922
2.1362	1.931
2.1362	1.941
2.1362	1.951
2.1362	1.960
2.1362	1.970
2.1362	1.980
2.1362	1.990
2.1362	2.000
2.1362	2.010
2.1362	2.020
2.1362	2.030
2.1362	2.040
2.1362	2.050
2.1362	2.061
2.1362	2.071
2.1362	2.081
2.1362	2.092
2.1362	2.102
2.1362	2.113
2.1362	2.123
2.1362	2.134
2.1362	2.145
2.1362	2.155
2.1362	2.166
2.1362	2.177
2.1362	2.188
2.1362	2.199
2.1362	2.210
2.1362	2.221
2.1362	2.232
2.1362	2.243
2.1362	2.254
2.1362	2.266
2.1362	2.277
1.6540	2.288
1.6540	2.334
1.6540	2.381
1.6540	2.428
1.6540	2.477
1.6540	2.526
1.6540	2.577
1.6540	2.628
1.6540	2.681
1.6540	2.735
1.6540	2.789
1.6540	2.845
1.6540	2.902
1.6540	2.960
1.6540	3.019
1.6540	3.080
1.6540	3.141
1.6540	3.204
1.5095	3.268
1.3581	3.285
1.3581	3.301
1.3581	3.317
1.3581	3.334
1.3581	3.351
1.3581	3.367
1.3581	3.384
1.3581	3.401
1.3581	3.418
1.3581	3.435
1.3581	3.453
1.3581	3.470
1.3581	3.487
1.3581	3.505
1.3581	3.522
1.3581	3.540
1.3581	3.557
1.3581	3.575
1.3581	3.593
1.3581	3.611
1.3581	3.629
1.3581	3.647
1.3581	3.665
1.3581	3.684
1.3581	3.702
1.3581	3.721
1.3581	3.739
1.3581	3.758
1.3581	3.777
1.3581	3.796
1.3581	3.815
1.3581	3.834
1.3581	3.853
1.3581	3.872
1.3581	3.892


d/s=0.55	
2.0115	0.860
2.0115	0.903
2.0115	0.948
2.0115	0.995
2.0115	1.045
2.0115	1.097
2.0115	1.152
2.0115	1.210
2.0115	1.270
2.0115	1.334
2.0115	1.401
2.0115	1.471
2.0115	1.544
2.0115	1.621
2.0115	1.702
2.0115	1.711
2.0115	1.719
2.0115	1.728
2.0115	1.737
2.0115	1.745
2.0115	1.754
2.0115	1.763
2.0115	1.772
2.0115	1.781
2.0115	1.789
2.0115	1.798
2.0115	1.807
2.0115	1.816
2.0115	1.825
2.0115	1.835
2.0115	1.844
2.0115	1.853
2.0115	1.862
2.0115	1.872
2.0115	1.881
2.0115	1.890
2.0115	1.900
2.0115	1.909
2.0115	1.919
2.0115	1.928
1.5759	1.938
1.5759	1.996
1.5759	2.056
1.5759	2.118
1.5759	2.181
1.5759	2.247
1.5759	2.314
1.5759	2.384
1.5759	2.455
1.5759	2.529
1.5759	2.605
1.5759	2.683
1.5759	2.763
1.5759	2.846
1.5759	2.931
1.5759	3.019
1.5759	3.110
1.4144	3.126
1.2821	3.141
1.2821	3.157
1.2821	3.173
1.2821	3.189
1.2821	3.204
1.2821	3.220
1.2821	3.237
1.2821	3.253
1.2821	3.269
1.2821	3.285
1.2821	3.302
1.2821	3.318
1.2821	3.335
1.2821	3.352
1.2821	3.368
1.2821	3.385
1.2821	3.402
1.2821	3.419
1.2821	3.436
1.2821	3.453
1.2821	3.471
1.2821	3.488
1.2821	3.505
1.2821	3.523
1.2821	3.541
1.2821	3.558
1.2821	3.576
1.2821	3.594
1.2821	3.612
1.2821	3.630
1.2821	3.648
1.2821	3.666
1.2821	3.685
1.2821	3.703
1.2821	3.722
1.2821	3.740


d/s=0.6	
2.0123	0.707
2.0123	0.742
2.0123	0.779
2.0123	0.818
2.0123	0.859
2.0123	0.902
2.0123	0.947
2.0123	0.994
2.0123	1.044
2.0123	1.096
2.0123	1.151
2.0123	1.209
2.0123	1.269
2.0123	1.333
2.0123	1.399
2.0123	1.469
2.0123	1.543
2.0123	1.553
2.0123	1.564
2.0123	1.575
2.0123	1.586
2.0123	1.597
2.0123	1.609
2.0123	1.620
2.0123	1.631
2.0123	1.643
2.0123	1.654
2.0123	1.666
2.0123	1.677
2.0123	1.689
2.0123	1.701
2.0123	1.713
2.0123	1.725
2.0123	1.737
2.0123	1.749
2.0123	1.761
1.5228	1.774
1.5228	1.862
1.5228	1.955
1.5228	2.053
1.5228	2.156
1.5228	2.264
1.5228	2.377
1.5228	2.496
1.5228	2.620
1.5228	2.751
1.5228	2.889
1.5228	3.033
1.3620	3.049
1.2486	3.064
1.2486	3.079
1.2486	3.095
1.2486	3.110
1.2486	3.126
1.2486	3.141
1.2486	3.157
1.2486	3.173
1.2486	3.189
1.2486	3.205
1.2486	3.221
1.2486	3.237
1.2486	3.253
1.2486	3.269
1.2486	3.285
1.2486	3.302
1.2486	3.318
1.2486	3.335
1.2486	3.352
1.2486	3.368
1.2486	3.385
1.2486	3.402
1.2486	3.419
1.2486	3.436
1.2486	3.453
1.2486	3.471
1.2486	3.488
1.2486	3.506
1.2486	3.523
1.2486	3.541
1.2486	3.558
1.2486	3.576
1.2486	3.594
1.2486	3.612
1.2486	3.630
1.2486	3.648
1.2486	3.666
1.2486	3.685


d/s=0.(6)	
2.0875	0.524
2.0875	0.550
2.0875	0.578
2.0875	0.606
2.0875	0.637
2.0875	0.669
2.0875	0.702
2.0875	0.737
2.0875	0.774
2.0875	0.813
2.0875	0.853
2.0875	0.896
2.0875	0.941
2.0875	0.988
2.0875	1.037
2.0875	1.089
2.0875	1.144
2.0875	1.201
2.0875	1.261
2.0875	1.324
2.0875	1.350
2.0875	1.364
2.0875	1.377
2.0875	1.391
2.0875	1.405
2.0875	1.419
2.0875	1.433
2.0875	1.448
2.0875	1.462
2.0875	1.477
2.0875	1.492
2.0875	1.507
2.0875	1.522
2.0875	1.537
2.0875	1.552
2.0875	1.568
2.0875	1.583
2.0875	1.599
2.0875	1.615
2.0875	1.631
1.4822	1.648
1.4822	1.730
1.4822	1.817
1.4822	1.907
1.4822	2.003
1.4822	2.103
1.4822	2.208
1.4822	2.318
1.4822	2.434
1.4822	2.556
1.4822	2.684
1.4822	2.818
1.4822	2.959
1.3085	3.107
1.2192	3.122
1.2192	3.138
1.2192	3.154
1.2192	3.170
1.2192	3.185
1.2192	3.201
1.2192	3.217
1.2192	3.233
1.2192	3.250
1.2192	3.266
1.2192	3.282
1.2192	3.299
1.2192	3.315
1.2192	3.332
1.2192	3.348
1.2192	3.365
1.2192	3.382
1.2192	3.399
1.2192	3.416
1.2192	3.433
1.2192	3.450
1.2192	3.467
1.2192	3.485
1.2192	3.502
1.2192	3.520
1.2192	3.537
1.2192	3.555
1.2192	3.573
1.2192	3.590
1.2192	3.608
1.2192	3.626
1.2192	3.645


d/s=0.8	
1.8193	0.698
1.8193	0.733
1.8193	0.770
1.8193	0.808
1.8193	0.848
1.8193	0.891
1.8193	0.935
1.8193	0.982
1.8193	1.031
1.8193	1.083
1.8193	1.137
1.8193	1.148
1.8193	1.160
1.8193	1.171
1.8193	1.183
1.8193	1.195
1.8193	1.207
1.8193	1.219
1.8193	1.231
1.8193	1.243
1.8193	1.256
1.8193	1.268
1.8193	1.281
1.8193	1.294
1.8193	1.307
1.8193	1.320
1.8193	1.333
1.8193	1.347
1.8193	1.360
1.8193	1.374
1.8193	1.387
1.8193	1.401
1.8193	1.415
1.4323	1.429
1.4323	1.501
1.4323	1.576
1.4323	1.655
1.4323	1.737
1.4323	1.824
1.4323	1.915
1.4323	2.011
1.4323	2.112
1.4323	2.217
1.4323	2.328
1.4323	2.445
1.4323	2.567
1.4323	2.695
1.4323	2.830
1.4323	2.972
1.2481	3.120
1.1720	3.136
1.1720	3.151
1.1720	3.167
1.1720	3.183
1.1720	3.199
1.1720	3.215
1.1720	3.231
1.1720	3.247
1.1720	3.263
1.1720	3.280
1.1720	3.296
1.1720	3.313
1.1720	3.329
1.1720	3.346
1.1720	3.362
1.1720	3.379
1.1720	3.396
1.1720	3.413
1.1720	3.430
1.1720	3.447
1.1720	3.465
1.1720	3.482
1.1720	3.499
1.1720	3.517
1.1720	3.534
1.1720	3.552
1.1720	3.570
1.1720	3.588
1.1720	3.606
1.1720	3.624
1.1720	3.642
1.1720	3.660
1.1720	3.678
1.1720	3.697
1.1720	3.715
1.1720	3.734
1.1720	3.752
1.1720	3.771
1.1720	3.790
1.1720	3.809
1.1720	3.828


d/s=1	
1.8822	0.456
1.8822	0.478
1.8822	0.502
1.8822	0.527
1.8822	0.554
1.8822	0.581
1.8822	0.610
1.8822	0.641
1.8822	0.673
1.8822	0.707
1.8822	0.742
1.8822	0.779
1.8822	0.818
1.8822	0.859
1.8822	0.902
1.8822	0.947
1.8822	0.956
1.8822	0.966
1.8822	0.976
1.8822	0.985
1.8822	0.995
1.8822	1.005
1.8822	1.015
1.8822	1.025
1.8822	1.036
1.8822	1.046
1.8822	1.056
1.8822	1.067
1.8822	1.078
1.8822	1.088
1.8822	1.099
1.8822	1.110
1.8822	1.121
1.8822	1.133
1.8822	1.144
1.8822	1.155
1.8822	1.167
1.8822	1.179
1.4115	1.190
1.4115	1.250
1.4115	1.312
1.4115	1.378
1.4115	1.447
1.4115	1.519
1.4115	1.595
1.4115	1.675
1.4115	1.759
1.4115	1.847
1.4115	1.939
1.4115	2.036
1.4115	2.138
1.4115	2.245
1.4115	2.357
1.4115	2.475
1.4115	2.599
1.4115	2.729
1.4115	2.865
1.4115	3.008
1.1958	3.159
1.1398	3.174
1.1398	3.190
1.1398	3.206
1.1398	3.222
1.1398	3.238
1.1398	3.255
1.1398	3.271
1.1398	3.287
1.1398	3.304
1.1398	3.320
1.1398	3.337
1.1398	3.353
1.1398	3.370
1.1398	3.387
1.1398	3.404
1.1398	3.421
1.1398	3.438
1.1398	3.455
1.1398	3.473
1.1398	3.490
1.1398	3.507
1.1398	3.525
1.1398	3.543
1.1398	3.560
1.1398	3.578
1.1398	3.596
1.1398	3.614
1.1398	3.632
1.1398	3.650
1.1398	3.668
1.1398	3.687
1.1398	3.705
1.1398	3.724
1.1398	3.742
1.1398	3.761
1.1398	3.780
1.1398	3.799
1.1398	3.818
1.1398	3.837
1.1398	3.856
1.1398	3.875
1.1398	3.895


d/s=1.2	
1.7845	0.442
1.7845	0.464
1.7845	0.488
1.7845	0.512
1.7845	0.538
1.7845	0.564
1.7845	0.593
1.7845	0.622
1.7845	0.653
1.7845	0.686
1.7845	0.720
1.7845	0.756
1.7845	0.794
1.7845	0.834
1.7845	0.842
1.7845	0.851
1.7845	0.859
1.7845	0.868
1.7845	0.876
1.7845	0.885
1.7845	0.894
1.7845	0.903
1.7845	0.912
1.7845	0.921
1.7845	0.930
1.7845	0.940
1.7845	0.949
1.7845	0.959
1.7845	0.968
1.7845	0.978
1.7845	0.988
1.7845	0.997
1.3865	1.007
1.3865	1.058
1.3865	1.111
1.3865	1.166
1.3865	1.225
1.3865	1.286
1.3865	1.350
1.3865	1.418
1.3865	1.488
1.3865	1.563
1.3865	1.641
1.3865	1.723
1.3865	1.809
1.3865	1.900
1.3865	1.995
1.3865	2.094
1.3865	2.199
1.3865	2.309
1.3865	2.424
1.3865	2.546
1.3865	2.673
1.3865	2.807
1.3865	2.947
1.3865	3.094
1.1572	3.249
1.1142	3.265
1.1142	3.282
1.1142	3.298
1.1142	3.314
1.1142	3.331
1.1142	3.348
1.1142	3.364
1.1142	3.381
1.1142	3.398
1.1142	3.415
1.1142	3.432
1.1142	3.449
1.1142	3.467
1.1142	3.484
1.1142	3.501
1.1142	3.519
1.1142	3.536
1.1142	3.554
1.1142	3.572
1.1142	3.590
1.1142	3.608
1.1142	3.626
1.1142	3.644
1.1142	3.662
1.1142	3.680
1.1142	3.699
1.1142	3.717
1.1142	3.736
1.1142	3.755
1.1142	3.773
1.1142	3.792
1.1142	3.811
1.1142	3.830
1.1142	3.849
1.1142	3.869
1.1142	3.888
1.1142	3.907
1.1142	3.927
1.1142	3.947
1.1142	3.966


d/s=1.5	
1.7283	0.380
1.7283	0.399
1.7283	0.419
1.7283	0.439
1.7283	0.461
1.7283	0.485
1.7283	0.509
1.7283	0.534
1.7283	0.561
1.7283	0.589
1.7283	0.618
1.7283	0.649
1.7283	0.682
1.7283	0.689
1.7283	0.695
1.7283	0.702
1.7283	0.709
1.7283	0.717
1.7283	0.724
1.7283	0.731
1.7283	0.738
1.7283	0.746
1.7283	0.753
1.7283	0.761
1.7283	0.768
1.7283	0.776
1.7283	0.784
1.7283	0.791
1.7283	0.799
1.7283	0.807
1.7283	0.815
1.7283	0.824
1.7283	0.832
1.3657	0.840
1.3657	0.882
1.3657	0.926
1.3657	0.973
1.3657	1.021
1.3657	1.072
1.3657	1.126
1.3657	1.182
1.3657	1.241
1.3657	1.303
1.3657	1.369
1.3657	1.437
1.3657	1.509
1.3657	1.584
1.3657	1.664
1.3657	1.747
1.3657	1.834
1.3657	1.926
1.3657	2.022
1.3657	2.123
1.3657	2.229
1.3657	2.341
1.3657	2.458
1.3657	2.581
1.3657	2.710
1.3657	2.845
1.3657	2.987
1.1288	3.137
1.0798	3.168
1.0798	3.200
1.0798	3.232
1.0798	3.264
1.0798	3.297
1.0798	3.330
1.0798	3.363
1.0798	3.397
1.0798	3.431
1.0798	3.465
1.0798	3.500
1.0798	3.535
1.0798	3.570
1.0798	3.606
1.0798	3.642
1.0798	3.678
1.0798	3.715
1.0798	3.752
1.0798	3.790
1.0798	3.828
1.0798	3.866
1.0798	3.904
1.0798	3.943
1.0798	3.983
1.0798	4.023
1.0798	4.063
1.0798	4.104
1.0798	4.145
1.0798	4.186
1.0798	4.228
1.0798	4.270
1.0798	4.313
1.0798	4.356
1.0798	4.400
1.0798	4.444
1.0798	4.488


d/s=2	
1.6470	0.338
1.6470	0.355
1.6470	0.373
1.6470	0.392
1.6470	0.411
1.6470	0.432
1.6470	0.453
1.6470	0.476
1.6470	0.500
1.6470	0.525
1.6470	0.530
1.6470	0.536
1.6470	0.541
1.6470	0.546
1.6470	0.552
1.6470	0.557
1.6470	0.563
1.6470	0.568
1.6470	0.574
1.6470	0.580
1.6470	0.586
1.6470	0.592
1.6470	0.597
1.6470	0.603
1.6470	0.609
1.6470	0.616
1.6470	0.622
1.6470	0.628
1.6470	0.634
1.6470	0.641
1.3459	0.647
1.3459	0.679
1.3459	0.713
1.3459	0.749
1.3459	0.786
1.3459	0.826
1.3459	0.867
1.3459	0.910
1.3459	0.956
1.3459	1.004
1.3459	1.054
1.3459	1.107
1.3459	1.162
1.3459	1.220
1.3459	1.281
1.3459	1.345
1.3459	1.412
1.3459	1.483
1.3459	1.557
1.3459	1.635
1.3459	1.717
1.3459	1.802
1.3459	1.893
1.3459	1.987
1.3459	2.087
1.3459	2.191
1.3459	2.300
1.3459	2.415
1.3459	2.536
1.3459	2.663
1.1014	2.796
1.0521	2.824
1.0521	2.852
1.0521	2.881
1.0521	2.910
1.0521	2.939
1.0521	2.968
1.0521	2.998
1.0521	3.028
1.0521	3.058
1.0521	3.089
1.0521	3.120
1.0521	3.151
1.0521	3.182
1.0521	3.214
1.0521	3.246
1.0521	3.279
1.0521	3.312
1.0521	3.345
1.0521	3.378
1.0521	3.412
1.0521	3.446
1.0521	3.480
1.0521	3.515
1.0521	3.550
1.0521	3.586
1.0521	3.622
1.0521	3.658
1.0521	3.695
1.0521	3.731
1.0521	3.769
1.0521	3.806
1.0521	3.845
1.0521	3.883
1.0521	3.922
1.0521	3.961
1.0521	4.001
1.0521	4.041
1.0521	4.081
1.0521	4.122
1.0521	4.163
1.0521	4.205
1.0521	4.247
1.0521	4.289
1.0521	4.332
1.0521	4.375
1.0521	4.419
1.0521	4.463
1.0521	4.508
1.0521	4.553
1.0521	4.599
1.0521	4.645
1.0521	4.691
1.0521	4.738
1.0521	4.785
1.0521	4.833
1.0521	4.882
1.0521	4.930
1.0521	4.980
1.0521	5.029


d/s=3	
1.9950	0.100
1.9950	0.105
1.9950	0.110
1.9950	0.116
1.9950	0.122
1.9950	0.128
1.9950	0.134
1.9950	0.141
1.9950	0.148
1.9950	0.155
1.9950	0.163
1.9950	0.171
1.9950	0.180
1.9950	0.189
1.9950	0.198
1.9950	0.208
1.9950	0.218
1.9950	0.229
1.9950	0.241
1.9950	0.253
1.9950	0.265
1.9950	0.279
1.9950	0.293
1.9950	0.295
1.9950	0.298
1.9950	0.301
1.9950	0.304
1.9950	0.307
1.9950	0.311
1.9950	0.314
1.9950	0.317
1.9950	0.320
1.9950	0.323
1.9950	0.326
1.9950	0.330
1.9950	0.333
1.9950	0.336
1.9950	0.340
1.9950	0.343
1.9950	0.346
1.9950	0.350
1.9950	0.353
1.9950	0.357
1.9950	0.361
1.9950	0.364
1.9950	0.368
1.9950	0.371
1.9950	0.375
1.9950	0.379
1.9950	0.383
1.9950	0.387
1.9950	0.390
1.9950	0.394
1.9950	0.398
1.3231	0.402
1.3231	0.422
1.3231	0.443
1.3231	0.466
1.3231	0.489
1.3231	0.513
1.3231	0.539
1.3231	0.566
1.3231	0.594
1.3231	0.624
1.3231	0.655
1.3231	0.688
1.3231	0.722
1.3231	0.758
1.3231	0.796
1.3231	0.836
1.3231	0.878
1.3231	0.922
1.3231	0.968
1.3231	1.016
1.3231	1.067
1.3231	1.121
1.3231	1.177
1.3231	1.235
1.3231	1.297
1.3231	1.362
1.3231	1.430
1.3231	1.502
1.3231	1.577
1.3231	1.656
1.3231	1.738
1.3231	1.825
1.3231	1.916
1.3231	2.012
1.3231	2.113
1.3231	2.219
1.3231	2.330
1.3231	2.446
1.3231	2.568
1.3231	2.697
1.3231	2.832
1.3231	2.973
1.0564	3.003
1.0320	3.033
1.0320	3.063
1.0320	3.094
1.0320	3.125
1.0320	3.156
1.0320	3.188
1.0320	3.219
1.0320	3.252
1.0320	3.284
1.0320	3.317
1.0320	3.350
1.0320	3.384
1.0320	3.418
1.0320	3.452
1.0320	3.486
1.0320	3.521
1.0320	3.556
1.0320	3.592
1.0320	3.628
1.0320	3.664
1.0320	3.701
1.0320	3.738
1.0320	3.775
1.0320	3.813
1.0320	3.851
1.0320	3.889
1.0320	3.928
1.0320	3.968
1.0320	4.007
1.0320	4.047
1.0320	4.088
1.0320	4.129
1.0320	4.170
1.0320	4.212
1.0320	4.254
1.0320	4.296
1.0320	4.339
1.0320	4.383
1.0320	4.427
1.0320	4.471
1.0320	4.516
1.0320	4.561
1.0320	4.606
1.0320	4.652
1.0320	4.699
1.0320	4.746
1.0320	4.793
1.0320	4.841
1.0320	4.890
1.0320	4.939
1.0320	4.988
1.0320	5.038
1.0320	5.088


d/s=5	
2.0272	0.040
2.0272	0.042
2.0272	0.044
2.0272	0.046
2.0272	0.049
2.0272	0.051
2.0272	0.054
2.0272	0.056
2.0272	0.059
2.0272	0.062
2.0272	0.065
2.0272	0.068
2.0272	0.072
2.0272	0.075
2.0272	0.079
2.0272	0.083
2.0272	0.087
2.0272	0.092
2.0272	0.096
2.0272	0.101
2.0272	0.106
2.0272	0.111
2.0272	0.117
2.0272	0.123
2.0272	0.129
2.0272	0.135
2.0272	0.142
2.0272	0.144
2.0272	0.145
2.0272	0.147
2.0272	0.148
2.0272	0.149
2.0272	0.151
2.0272	0.152
2.0272	0.154
2.0272	0.156
2.0272	0.157
2.0272	0.159
2.0272	0.160
2.0272	0.162
2.0272	0.163
2.0272	0.165
2.0272	0.167
2.0272	0.168
2.0272	0.170
2.0272	0.172
2.0272	0.174
2.0272	0.175
2.0272	0.177
2.0272	0.179
2.0272	0.181
2.0272	0.182
2.0272	0.184
2.0272	0.186
2.0272	0.188
2.0272	0.190
2.0272	0.192
2.0272	0.194
2.0272	0.196
2.0272	0.198
2.0272	0.199
2.0272	0.201
2.0272	0.203
2.0272	0.206
2.0272	0.208
2.0272	0.210
2.0272	0.212
2.0272	0.214
2.0272	0.216
1.2816	0.218
1.2816	0.229
1.2816	0.241
1.2816	0.253
1.2816	0.265
1.2816	0.278
1.2816	0.292
1.2816	0.307
1.2816	0.322
1.2816	0.338
1.2816	0.355
1.2816	0.373
1.2816	0.392
1.2816	0.411
1.2816	0.432
1.2816	0.454
1.2816	0.476
1.2816	0.500
1.2816	0.525
1.2816	0.551
1.2816	0.579
1.2816	0.608
1.2816	0.638
1.2816	0.670
1.2816	0.704
1.2816	0.739
1.2816	0.776
1.2816	0.815
1.2816	0.855
1.2816	0.898
1.2816	0.943
1.2816	0.990
1.2816	1.040
1.2816	1.092
1.2816	1.146
1.2816	1.203
1.2816	1.264
1.2816	1.327
1.2816	1.393
1.2816	1.463
1.2816	1.536
1.2816	1.613
1.2816	1.693
1.2816	1.778
1.2816	1.867
1.2816	1.960
1.2816	2.058
1.2816	2.161
1.2816	2.269
1.2816	2.383
1.2816	2.502
1.2816	2.627
1.2816	2.758
1.2816	2.896
1.2816	3.041
1.2816	3.193
1.0249	3.225
1.0149	3.257
1.0149	3.290
1.0149	3.323
1.0149	3.356
1.0149	3.390
1.0149	3.423
1.0149	3.458
1.0149	3.492
1.0149	3.527
1.0149	3.562
1.0149	3.598
1.0149	3.634
1.0149	3.670
1.0149	3.707
1.0149	3.744
1.0149	3.782
1.0149	3.819
1.0149	3.858
1.0149	3.896
1.0149	3.935
1.0149	3.975
1.0149	4.014
1.0149	4.054
1.0149	4.095
1.0149	4.136
1.0149	4.177
1.0149	4.219
1.0149	4.261
1.0149	4.304
1.0149	4.347
1.0149	4.390
1.0149	4.434
1.0149	4.479
1.0149	4.523
1.0149	4.569
1.0149	4.614
1.0149	4.660
1.0149	4.707
1.0149	4.754
1.0149	4.802
1.0149	4.850
1.0149	4.898
1.0149	4.947
1.0149	4.997
1.0149	5.047
1.0149	5.097
1.0149	5.148
1.0149	5.199
1.0149	5.251
1.0149	5.304
1.0149	5.357
1.0149	5.411
