0.999
1.009
1.020
1.030
1.040
1.051
1.061
1.072
1.083
1.094
1.105
1.116
1.127
1.139
1.150
1.162
1.174
1.185
1.197
1.210
1.222
1.234
1.247
1.259
1.272
1.285
1.298
1.311
1.324
1.337
1.351
1.365
1.378
1.392
1.406
1.421
1.435
1.449
1.464
1.479
1.494
1.509
1.524
1.540
1.555
1.571
1.587
1.603
1.619
1.635
1.652
1.668
1.685
1.702
1.719
1.737
1.754
1.772
1.790
1.808
1.826
1.845
1.863
1.882
1.901
1.920
1.940
1.959
1.979
1.999
2.019
2.040
2.060
2.081
2.102
2.124
2.145
2.167
2.189
2.211
2.233
2.256
2.278
2.301
2.325
2.348
2.372
2.396
2.420
2.444
2.469
2.494
2.519
2.545
2.570
2.596
2.623
2.649
2.676
2.703
2.730
2.758
2.786
2.814
2.842
2.871
2.900
2.929
2.959
2.989
3.019
3.049
3.080
3.111
3.143
3.174
3.206
3.239
3.271
3.305
3.338
3.372
3.406
3.440
3.475
3.510
3.545
3.581
3.617
3.654
3.691
3.728
3.766
3.804
3.842
3.881
3.920
3.960
4.000