0.899
0.908
0.918
0.927
0.936
0.946
0.955
0.965
0.975
0.984
0.994
1.004
1.015
1.025
1.035
1.046
1.056
1.067
1.078
1.088
1.099
1.111
1.122
1.133
1.145
1.156
1.168
1.180
1.192
1.204
1.216
1.228
1.240
1.253
1.266
1.278
1.291
1.304
1.318
1.331
1.344
1.358
1.372
1.385
1.399
1.414
1.428
1.442
1.457
1.472
1.486
1.501
1.517
1.532
1.547
1.563
1.579
1.595
1.611
1.627
1.644
1.660
1.677
1.694
1.711
1.728
1.746
1.763
1.781
1.799
1.817
1.836
1.854
1.873
1.892
1.911
1.930
1.950
1.969
1.989
2.009
2.030
2.050
2.071
2.092
2.113
2.134
2.156
2.178
2.200
2.222
2.244
2.267
2.290
2.313
2.336
2.360
2.384
2.408
2.432
2.457
2.482
2.507
2.532
2.558
2.583
2.610
2.636
2.663
2.689
2.717
2.744
2.772
2.800
2.828
2.857
2.885
2.915
2.944
2.974
3.004
3.034
3.065
3.096
3.127
3.159
3.190
3.223
3.255
3.288
3.321
3.355
3.380
3.389
3.414
3.423
3.432
3.458
3.493
3.510
3.546
3.581
3.618
3.654
3.691
3.728
3.766
3.804
3.842
3.881
3.920
3.960
4.000
4.642
10.000
21.544
46.416
100.000
215.443
464.159
1000.000
2154.435
4641.589
10000.000
21544.347
46415.888
100000.000
